image_width: 1920
image_height: 1080
camera_name: narrow_stereo
camera_matrix:
  rows: 3
  cols: 3
  data: [1070.089695, 0.0, 1045.772015,
         0.0, 1063.560096, 566.257075,
         0.0, 0.0, 1.0]
distortion_model: plumb_bob
distortion_coefficients:
  rows: 1
  cols: 5
  data: [-0.090292, 0.052332, 0.000171, 0.006618, 0.0]
rectification_matrix:
  rows: 3
  cols: 3
  data: [1.0, 0.0, 0.0,
         0.0, 1.0, 0.0,
         0.0, 0.0, 1.0]
projection_matrix:
  rows: 3
  cols: 4
  data: [1031.674316, 0.0, 1059.554807, 0.0,
         0.0, 1041.386353, 566.775962, 0.0,
         0.0, 0.0, 1.0, 0.0]