image_processor_node:
  ros__parameters:
    do_streaming: False

    casualty_lower_orange: [5.0,150.0,150.0]
    casualty_upper_orange: [20.0, 255.0, 255.0]
    casualty_min_area: 500.0

    drop_tag_lower_red1: [0.0,100.0,50.0]
    drop_tag_upper_red1: [10.0,255.0,255.0]
    drop_tag_lower_red2: [170.0,100.0,50.0]
    drop_tag_upper_red2: [180.0,255.0,255.0]
    drop_tag_min_area: 500.0
    drop_tag_pause_threshold: 0.4

    landing_tag_tag_size: 0.5
    landing_tag_K: [1070.089695, 0.0, 1045.772015,0.0, 1063.560096, 566.257075, 0.0, 0.0, 1.0]  # Flattened to 1D array (order: 11,12,13,21,22,23,31,32,33)
    landing_tag_D: [-0.090292, 0.052332, 0.000171, 0.006618, 0.0]

